Time:
5.288781439
5.335564847
5.330151922
5.364221162
5.305293425
5.317732377
5.364274099
5.297143098
5.352347158
5.309897270
5.382597692
5.343326042
5.347035986
5.298226506
5.321697926
5.316807378
5.361891003
5.326272976
5.304125065
5.298280084
5.303952345
5.313722664
5.308525942
5.330796547
5.324727868
5.327652482
5.306349127
5.355073019
5.312997312
5.311287339
5.358942938
5.375948837
5.303706841
5.310744600
5.313796380
5.317029607
5.321435194
5.339237111
5.332190090
5.339220562
5.339399378
5.299368574
5.385052752
5.334379311
5.324547720
5.322889717
5.357773283
5.327141789
5.366669105
5.322676348
5.392356647
5.312541991
5.319705885
5.331966862
5.347394004
5.357309098
5.313861133
5.310614216
5.331861901
5.314103089
5.301507225
5.313789850
5.348686800
5.286376035
5.365711549
5.305693153
5.333510390
5.338400291
5.314531223
5.321603444
5.330996010
5.293925416
5.324517729
5.289839050
5.306489556
5.337534369
5.323549474
5.371654840
5.359304371
5.308525821
5.325104407
5.329820559
5.346903620
5.311187967
5.311499281
5.303058576
5.346037219
5.338445790
5.297696393
5.311633564
5.332658368
5.319754606
5.326255176
5.317619822
5.323345566
5.395540147
5.320116622
5.360070457
5.341307159
5.315128037
5.366456521
Average: 5.32871686649504950495
