Time: 
.321135034
.315468928
.318192440
.307566058
.303068361
.302448722
.319303603
.317043994
.322450337
.314625455
.317295681
.316272087
.323380519
.305761508
.316075766
.314361066
.316622512
.307940189
.320601677
.315154079
.327523393
.333665369
.306716585
.316433937
.308989669
.323486293
.310411258
.307468743
.322833431
.321000670
.323079610
.311656248
.317794499
.325020886
.319419912
.315125891
.306687333
.309821291
.313865968
.307069133
.316703234
.320172983
.302502560
.315163788
.314897128
.316196802
.314405911
.316078500
.323380991
.310289261
.319803155
.317433802
.305741211
.313541464
.322073842
.309613281
.317588061
.313209243
.310793138
.322104507
.317213642
.323710833
.305497558
.312114367
.315256956
.309433718
.321300418
.317010008
.325979402
.311542516
.306264999
.319783147
.313488809
.320302176
.309768268
.310880693
.320759443
.313171624
.306947326
.320084559
.311131927
.313126959
.319285509
.310110142
.314594404
.308797595
.310082160
.310843969
.306638107
.319705288
.325142409
.322187089
.319303148
.316389756
.325871295
.311708040
.320019638
.310343196
.311997755
.316009493
.316685394
Average: .31529717556435643564
